#Sun Sep 21 21:42:08 CDT 2014
E=2.718281828459045
PI=3.141592653589793
