#Thu Jul 10 15:45:11 CDT 2014
E=2.718281828459045
PI=3.141592653589793
